4 7 10 13 16 19 22 25
7 12 17 22 27 32 37 42
10 17 24 31 38 45 52 59
13 22 31 40 49 58 67 76
16 27 38 49 60 71 82 93
19 32 45 58 71 84 97 110
22 37 52 67 82 97 112 127
25 42 59 76 93 110 127 144